schemaVersion: 1
run:
  run_id: jrun-20260316-012623
  job_id: job_task_pipeline
  attempt: 1
  state: success
  scheduled_at: 2026-03-16T01:26:23.773766Z
  started_at: 2026-03-16T01:26:23.774166Z
  finished_at: 2026-03-16T01:41:25.925097Z
  duration_ms: 902130
  created_at: 2026-03-16T01:26:23.773829Z
