schemaVersion: 1
run:
  run_id: jrun-20260314-230011
  job_id: job_review_tasks
  attempt: 1
  state: success
  scheduled_at: 2026-03-14T23:00:11.088386Z
  started_at: 2026-03-14T23:00:11.088802Z
  finished_at: 2026-03-14T23:04:57.217079Z
  duration_ms: 286121
  created_at: 2026-03-14T23:00:11.088395Z
